  3.699512e-03  -7.548587e-04   2.068567e-03  -4.732568e-04 
 -1.473710e-02  -3.169808e-04   8.790472e-04  -7.681206e-04 
 -1.014000e-02   5.787230e-04  -3.856494e-05  -8.179941e-04 
  9.920877e-03   6.288158e-04  -1.526467e-03  -5.863877e-04 
  1.401895e-02  -3.658802e-04  -2.553451e-03  -1.924616e-04 
 -3.115801e-03  -7.553921e-04  -2.118257e-03   1.820273e-04 
 -1.664748e-02  -1.610982e-05  -1.526936e-03   4.896236e-04 
 -3.904046e-03   7.446830e-04  -8.106600e-04   6.392888e-04 
  1.388912e-02   3.941912e-04   4.517951e-04   5.570955e-04 
  1.072372e-02  -6.274126e-04   1.531464e-03   4.040971e-04 
 -9.250756e-03  -6.228547e-04   1.837132e-03   1.957916e-04 
 -1.528337e-02   2.789042e-04   1.846562e-03  -9.459230e-05 
  2.823476e-03   7.769200e-04   1.655990e-03  -3.450980e-04 
  1.521620e-02   6.854952e-05   8.945861e-04  -4.952193e-04 
  5.072041e-03  -7.550954e-04  -4.251841e-04  -6.164403e-04 
 -1.401131e-02  -3.789456e-04  -1.324849e-03  -5.529794e-04 
 -1.114730e-02   5.372213e-04  -1.840288e-03  -2.955242e-04 
  8.926961e-03   6.737006e-04  -2.390648e-03   5.318630e-05 
  1.428631e-02  -2.831037e-04  -1.999525e-03   4.322968e-04 
 -1.814930e-03  -7.563401e-04  -4.937044e-04   7.420081e-04 
 -1.642151e-02  -7.654190e-05   5.976798e-04   7.900004e-04 
 -5.108273e-03   7.091084e-04   1.571468e-03   5.819311e-04 
  1.311598e-02   4.348448e-04   2.755275e-03   1.661176e-04 
  1.104882e-02  -5.721148e-04   2.485268e-03  -3.177696e-04 
 -8.441718e-03  -6.311209e-04   1.181262e-03  -6.869881e-04 
 -1.554334e-02   2.371111e-04   2.536295e-04  -8.248906e-04 
  1.905113e-03   7.595552e-04  -1.006917e-03  -6.940612e-04 
  1.496537e-02   9.066868e-05  -2.435158e-03  -3.184848e-04 
  5.590528e-03  -7.435874e-04  -2.368648e-03   8.642717e-05 
 -1.365758e-02  -3.994381e-04  -1.665684e-03   4.286523e-04 
 -1.166896e-02   5.204422e-04  -1.062711e-03   6.403420e-04 
  8.501098e-03   6.894074e-04   6.324709e-05   6.258903e-04 
  1.473484e-02  -2.691987e-04   1.391565e-03   4.473954e-04 
 -9.662690e-04  -7.819963e-04   1.855023e-03   2.491923e-04 
 -1.644045e-02  -1.156265e-04   1.868358e-03  -3.174852e-05 
 -6.014369e-03   7.139422e-04   1.732644e-03  -3.082961e-04 
  1.303817e-02   4.977906e-04   1.176669e-03  -4.682369e-04 
  1.212284e-02  -5.498543e-04  -7.176249e-05  -5.779094e-04 
 -7.349546e-03  -6.819912e-04  -1.146693e-03  -5.893611e-04 
 -1.610081e-02   1.792445e-04  -1.694358e-03  -3.849096e-04 
  5.448786e-04   7.765406e-04  -2.219041e-03  -5.887075e-05 
  1.493113e-02   1.856732e-04  -2.344872e-03   3.049906e-04 
  6.893069e-03  -7.150360e-04  -1.026866e-03   6.596869e-04 
 -1.276903e-02  -4.560220e-04   3.286748e-04   8.118276e-04 
 -1.264171e-02   4.594920e-04   1.181673e-03   6.909665e-04 
  7.132370e-03   7.041608e-04   2.371115e-03   3.452791e-04 
  1.465827e-02  -1.902246e-04   2.892336e-03  -1.394845e-04 
  6.237263e-05  -7.635949e-04   1.683006e-03  -5.831097e-04 
 -1.608992e-02  -1.582023e-04   5.362778e-04  -8.145343e-04 
 -6.907447e-03   6.740120e-04  -4.734474e-04  -7.854498e-04 
  1.222941e-02   5.068387e-04  -1.992663e-03  -4.799714e-04 
  1.234185e-02  -5.166350e-04  -2.611037e-03  -5.828980e-05 
 -6.656021e-03  -6.878600e-04  -1.927623e-03   3.211471e-04 
 -1.620101e-02   1.516609e-04  -1.277617e-03   5.943221e-04 
 -1.136516e-04   7.707908e-04  -3.685907e-04   6.705809e-04 
  1.484227e-02   2.066306e-04   1.017330e-03   5.118410e-04 
  7.685445e-03  -7.171555e-04   1.815170e-03   3.068197e-04 
 -1.219310e-02  -4.914214e-04   1.879351e-03   4.904455e-05 
 -1.319633e-02   4.379629e-04   1.761595e-03  -2.406556e-04 
  6.554007e-03   7.373775e-04   1.342203e-03  -4.376370e-04 
  1.507581e-02  -1.417123e-04   3.131519e-04  -5.252540e-04 
  1.307406e-03  -7.812741e-04  -8.791469e-04  -5.761748e-04 
 -1.577022e-02  -2.161624e-04  -1.560453e-03  -4.352687e-04 
 -8.006292e-03   6.549563e-04  -1.986665e-03  -1.432173e-04 
  1.167946e-02   5.707066e-04  -2.309089e-03   1.921470e-04 
  1.298446e-02  -4.553310e-04  -1.493559e-03   5.335563e-04 
 -5.462468e-03  -7.126361e-04  -2.232262e-06   7.707536e-04 
 -1.644459e-02   8.923565e-05   9.472817e-04   7.353374e-04 
 -1.463102e-03   7.563771e-04   1.946255e-03   4.631789e-04 
  1.441135e-02   2.705487e-04   2.915565e-03   1.591298e-05 
  8.362967e-03  -6.739349e-04   2.161207e-03  -4.622621e-04 
 -1.147705e-02  -5.174322e-04   7.974111e-04  -7.800917e-04 
 -1.379452e-02   3.913453e-04  -1.266321e-04  -8.415083e-04 
  5.516849e-03   7.303935e-04  -1.515186e-03  -6.258421e-04 
  1.498771e-02  -1.065915e-04  -2.739175e-03  -1.972141e-04 
  1.958280e-03  -7.731949e-04  -2.270419e-03   2.290149e-04 
 -1.555219e-02  -2.420382e-04  -1.459357e-03   5.558715e-04 
 -8.663851e-03   6.377771e-04  -7.244536e-04   7.088960e-04 
  1.127093e-02   5.873553e-04   5.905769e-04   6.082714e-04 
  1.354559e-02  -4.448929e-04   1.788290e-03   3.767530e-04 
 -4.673217e-03  -7.409070e-04   1.965370e-03   1.285523e-04 
 -1.664633e-02   5.434763e-05   1.827707e-03  -1.704902e-04 
 -2.337153e-03   7.683251e-04   1.517108e-03  -4.128463e-04 
  1.446774e-02   3.309909e-04   7.054883e-04  -5.080597e-04 
  9.588857e-03  -6.661856e-04  -5.634641e-04  -5.631210e-04 
 -1.052425e-02  -5.740744e-04  -1.417851e-03  -4.958281e-04 
 -1.453796e-02   3.419693e-04  -1.820582e-03  -2.456136e-04 
  4.322647e-03   7.614669e-04  -2.195103e-03   7.690675e-05 
  1.511692e-02  -1.420963e-05  -1.945865e-03   4.032657e-04 
  3.390779e-03  -7.608013e-04  -4.975884e-04   6.982217e-04 
 -1.486529e-02  -3.052492e-04   6.888852e-04   7.619011e-04 
 -9.783399e-03   5.863409e-04   1.503391e-03   5.719040e-04 
  1.012618e-02   6.193177e-04   2.579960e-03   1.910521e-04 
  1.364673e-02  -3.673657e-04   2.607933e-03  -2.824762e-04 
 -3.609131e-03  -7.342085e-04   1.230944e-03  -6.781397e-04 
 -1.651903e-02   6.454478e-06   1.598394e-04  -8.341417e-04 
 -3.333917e-03   7.344171e-04  -9.545810e-04  -7.222040e-04 
  1.382377e-02   3.505850e-04  -2.419625e-03  -3.508485e-04 
  9.899532e-03  -6.338812e-04  -2.554080e-03   9.360919e-05 
 -9.925578e-03  -5.837162e-04  -1.674280e-03   4.647554e-04 
 -1.481380e-02   3.154564e-04  -9.713269e-04   6.871879e-04 
  3.703292e-03   7.586935e-04   1.407064e-04   6.782773e-04 
  1.517262e-02   1.340072e-06   1.565210e-03   4.464917e-04 
  4.117385e-03  -7.693888e-04   2.014302e-03   1.892327e-04 
 -1.456319e-02  -3.373213e-04   1.865079e-03  -1.044135e-04 
 -1.044720e-02   5.774918e-04   1.615338e-03  -3.762841e-04 
  9.820986e-03   6.600643e-04   9.508289e-04  -5.065945e-04 
  1.433922e-02  -3.391360e-04  -2.580398e-04  -5.343554e-04 
 -2.506357e-03  -7.688899e-04  -1.254092e-03  -5.138853e-04 
 -1.663052e-02  -4.747526e-05  -1.735640e-03  -3.095630e-04 
 -4.521367e-03   7.373063e-04  -2.060850e-03  -6.368022e-07 
  1.364770e-02   4.313974e-04  -2.119474e-03   3.081976e-04 
  1.096331e-02  -5.942849e-04  -9.738411e-04   6.095383e-04 
 -8.827910e-03  -6.308966e-04   4.252859e-04   7.686508e-04 
 -1.548453e-02   2.514306e-04   1.248214e-03   6.577743e-04 
  2.244633e-03   7.645469e-04   2.236518e-03   3.368847e-04 
  1.498465e-02   8.552591e-05   2.900023e-03  -1.228796e-04 
  5.142201e-03  -7.377273e-04   1.769521e-03  -5.792230e-04 
 -1.392357e-02  -3.794856e-04   4.314509e-04  -8.327968e-04 
 -1.130957e-02   5.267418e-04  -5.118577e-04  -8.162604e-04 
  8.713470e-03   6.632536e-04  -1.962889e-03  -5.258361e-04 
  1.434323e-02  -2.916997e-04  -2.842939e-03  -6.597421e-05 
 -1.736952e-03  -7.623190e-04  -2.060337e-03   3.613113e-04 
 -1.649703e-02  -7.809783e-05  -1.204895e-03   6.536788e-04 
 -5.243428e-03   7.175301e-04  -3.175391e-04   7.370560e-04 
  1.324292e-02   4.459137e-04   1.125934e-03   5.550891e-04 
  1.153266e-02  -5.842358e-04   2.054186e-03   2.790512e-04 
 -8.124393e-03  -6.565916e-04   1.970301e-03  -8.956387e-06 
 -1.577789e-02   2.231434e-04   1.712115e-03  -3.057226e-04 
  1.521822e-03   7.797705e-04   1.197258e-03  -4.952123e-04 
  1.514178e-02   1.335384e-04   1.502318e-04  -5.217562e-04 
  6.333456e-03  -7.424887e-04  -1.003157e-03  -5.157610e-04 
 -1.322565e-02  -4.336256e-04  -1.621743e-03  -3.732199e-04 
 -1.214476e-02   4.935243e-04  -1.900347e-03  -9.192046e-05 
  7.876560e-03   7.079081e-04  -2.069482e-03   2.091114e-04 
  1.470408e-02  -2.167195e-04  -1.428590e-03   4.880632e-04 
 -3.711091e-04  -7.698979e-04   2.617120e-05   7.119343e-04 
 -1.619405e-02  -1.416376e-04   1.027700e-03   6.879216e-04 
 -6.472931e-03   6.857436e-04   1.818677e-03   4.368066e-04 
  1.248713e-02   4.991685e-04   2.713541e-03   3.307927e-05 
  1.195028e-02  -5.196170e-04   2.231982e-03  -4.238801e-04 
 -7.132629e-03  -6.687202e-04   7.702430e-04  -7.620553e-04 
 -1.602267e-02   1.709697e-04  -2.268234e-04  -8.376165e-04 
  3.918352e-04   7.589727e-04  -1.447525e-03  -6.434103e-04 
  1.473945e-02   1.695480e-04  -2.770586e-03  -2.144542e-04 
  6.832418e-03  -7.157673e-04  -2.418693e-03   2.489584e-04 
 -1.275797e-02  -4.520468e-04  -1.401128e-03   5.992072e-04 
 -1.264982e-02   4.660577e-04  -6.285302e-04   7.598187e-04 
  7.243703e-03   7.098435e-04   6.765529e-04   6.607619e-04 
  1.491644e-02  -2.013514e-04   2.020090e-03   3.653872e-04 
  3.353645e-04  -7.833184e-04   2.117072e-03   6.243768e-05 
 -1.612580e-02  -1.723546e-04   1.799864e-03  -2.496896e-04 
 -7.219422e-03   6.848443e-04   1.396690e-03  -4.875369e-04 
  1.234855e-02   5.430594e-04   4.929907e-04  -5.442637e-04 
  1.287052e-02  -5.063472e-04  -7.661414e-04  -5.171929e-04 
 -6.139301e-03  -7.139694e-04  -1.531582e-03  -4.266331e-04 
 -1.643480e-02   1.218066e-04  -1.838101e-03  -1.759279e-04 
 -7.903148e-04   7.774523e-04  -2.028878e-03   1.294255e-04 
  1.478696e-02   2.572230e-04  -1.787168e-03   3.983504e-04 
  8.191837e-03  -6.941540e-04  -4.484778e-04   6.501225e-04 
 -1.177171e-02  -5.128450e-04   7.899029e-04   7.242488e-04 
 -1.358331e-02   4.055562e-04   1.506309e-03   5.468014e-04 
  5.848489e-03   7.328764e-04   2.415539e-03   1.953784e-04 
  1.488664e-02  -1.089445e-04   2.672408e-03  -2.536857e-04 
  1.562978e-03  -7.630776e-04   1.303664e-03  -6.654859e-04 
 -1.561380e-02  -2.245892e-04   6.146761e-05  -8.420549e-04 
 -8.240800e-03   6.358264e-04  -9.216224e-04  -7.467470e-04 
  1.132008e-02   5.579055e-04  -2.346228e-03  -3.938204e-04 
  1.296255e-02  -4.534261e-04  -2.764596e-03   7.972512e-05 
 -5.339067e-03  -7.108220e-04  -1.753286e-03   4.893519e-04 
 -1.642860e-02   8.829577e-05  -8.902181e-04   7.291217e-04 
 -1.539820e-03   7.577910e-04   1.628972e-04   7.320151e-04 
  1.445893e-02   2.705362e-04   1.659045e-03   4.737218e-04 
  8.734844e-03  -6.857422e-04   2.213137e-03   1.553513e-04 
 -1.122772e-02  -5.357040e-04   1.896295e-03  -1.608040e-04 
 -1.398122e-02   3.855913e-04   1.529782e-03  -4.364682e-04 
  5.326846e-03   7.520691e-04   7.878304e-04  -5.566963e-04 
  1.520911e-02  -7.745276e-05  -4.381869e-04  -5.140693e-04 
  2.625377e-03  -7.809580e-04  -1.375973e-03  -4.429456e-04 
 -1.528316e-02  -2.735266e-04  -1.768254e-03  -2.357212e-04 
 -9.164311e-03   6.228044e-04  -1.928765e-03   6.045470e-05 
  1.089476e-02   6.172350e-04  -1.855931e-03   3.252287e-04 
  1.367691e-02  -4.021722e-04  -8.738895e-04   5.555056e-04 
 -4.104692e-03  -7.415457e-04   4.982216e-04   7.039134e-04 
 -1.661114e-02   2.548304e-05   1.324122e-03   6.004174e-04 
 -2.895691e-03   7.498396e-04   2.086406e-03   3.015048e-04 
  1.409235e-02   3.469793e-04   2.740512e-03  -1.121133e-04 
  9.569531e-03  -6.381225e-04   1.810395e-03  -5.482702e-04 
 -1.032262e-02  -5.696229e-04   3.436984e-04  -8.208091e-04 
 -1.462602e-02   3.286264e-04  -5.957821e-04  -8.164855e-04 
  4.054905e-03   7.465315e-04  -1.894111e-03  -5.479237e-04 
  1.500426e-02  -2.270004e-05  -2.963783e-03  -7.785690e-05 
  3.360978e-03  -7.599380e-04  -2.196969e-03   3.901618e-04 
 -1.491523e-02  -3.024240e-04  -1.117394e-03   7.042919e-04 
 -9.862796e-03   5.918244e-04  -2.503567e-04   7.953593e-04 
  1.021437e-02   6.226043e-04   1.201466e-03   6.095779e-04 
  1.397384e-02  -3.826364e-04   2.320127e-03   2.661570e-04 
 -3.393491e-03  -7.553858e-04   2.106924e-03  -6.945205e-05 
 -1.667354e-02  -3.948822e-06   1.671074e-03  -3.799059e-04 
 -3.637772e-03   7.511171e-04   1.089486e-03  -5.675486e-04 
  1.402605e-02   3.862695e-04  -2.705263e-05  -5.489421e-04 
  1.056626e-02  -6.344493e-04  -1.193533e-03  -4.687778e-04 
 -9.461406e-03  -6.163002e-04  -1.714119e-03  -3.110867e-04 
 -1.518095e-02   2.885847e-04  -1.871026e-03  -3.152288e-05 
  3.055240e-03   7.750696e-04  -1.881866e-03   2.497609e-04 
  1.519807e-02   5.690167e-05  -1.311960e-03   4.669094e-04 
  4.789867e-03  -7.548324e-04   7.371948e-05   6.560247e-04 
 -1.416163e-02  -3.664581e-04   1.109055e-03   6.421504e-04 
 -1.092386e-02   5.446325e-04   1.741866e-03   4.074388e-04 
  9.116519e-03   6.630724e-04   2.496644e-03   4.211290e-05 
  1.415653e-02  -2.978690e-04   2.282274e-03  -3.803593e-04 
 -2.152731e-03  -7.513615e-04   7.960537e-04  -7.312356e-04 
 -1.644964e-02  -6.074612e-05  -3.207594e-04  -8.235288e-04 
 -4.779366e-03   7.134604e-04  -1.358060e-03  -6.502843e-04 
  1.324696e-02   4.176958e-04  -2.673315e-03  -2.446619e-04 
  1.084185e-02  -5.853347e-04  -2.573126e-03   2.363870e-04 
 -8.728644e-03  -6.226932e-04  -1.399444e-03   6.156893e-04 
 -1.541706e-02   2.526382e-04  -5.325971e-04   7.899443e-04 
  2.255659e-03   7.607308e-04   6.925210e-04   7.047324e-04 
  1.503005e-02   7.378749e-05   2.150510e-03   3.753874e-04 
  5.350057e-03  -7.504740e-04   2.285199e-03   1.625939e-05 
 -1.382419e-02  -3.895905e-04   1.775075e-03  -3.141901e-04 
 -1.146444e-02   5.314979e-04   1.290209e-03  -5.528741e-04 
  8.752225e-03   6.868050e-04   3.153079e-04  -5.928424e-04 
  1.469229e-02  -2.802908e-04  -9.864702e-04  -4.861050e-04 
 -1.209293e-03  -7.808394e-04  -1.660049e-03  -3.512143e-04 
 -1.647988e-02  -1.052111e-04  -1.853176e-03  -9.536917e-05 
 -5.778286e-03   7.179534e-04  -1.880601e-03   1.974550e-04 
  1.313946e-02   4.882062e-04  -1.545921e-03   4.143559e-04 
  1.192122e-02  -5.556513e-04  -3.313657e-04   5.961853e-04 
 -7.603204e-03  -6.727773e-04   8.910918e-04   6.657785e-04 
 -1.600454e-02   1.911477e-04   1.557957e-03   4.949034e-04 
  8.313796e-04   7.734262e-04   2.256595e-03   1.666595e-04 
  1.492509e-02   1.673043e-04   2.598934e-03  -2.390072e-04 
  6.554895e-03  -7.183548e-04   1.341904e-03  -6.402148e-04 
 -1.300053e-02  -4.409810e-04  -4.534997e-05  -8.363198e-04 
 -1.240146e-02   4.723733e-04  -9.482757e-04  -7.547824e-04 
  7.437823e-03   6.957526e-04  -2.254763e-03  -4.255535e-04 
  1.460954e-02  -2.117130e-04  -2.941669e-03   6.153195e-05 
 -2.910088e-04  -7.646787e-04  -1.872480e-03   5.111999e-04 
 -1.619656e-02  -1.424782e-04  -8.019312e-04   7.720383e-04 
 -6.594918e-03   6.841674e-04   1.793444e-04   7.865421e-04 
  1.245761e-02   4.964603e-04   1.701672e-03   5.222681e-04 
  1.223751e-02  -5.318201e-04   2.460976e-03   1.439659e-04 
 -6.923954e-03  -6.847177e-04   1.988623e-03  -2.097474e-04 
 -1.615387e-02   1.645015e-04   1.468823e-03  -4.978059e-04 
  1.729263e-04   7.749674e-04   6.879492e-04  -6.189705e-04 
  1.493064e-02   1.964818e-04  -5.951078e-04  -5.253029e-04 
  7.493568e-03  -7.225428e-04  -1.542010e-03  -3.895428e-04 
 -1.236501e-02  -4.834735e-04  -1.819255e-03  -1.717628e-04 
 -1.304050e-02   4.466533e-04  -1.844938e-03   1.193638e-04 
  6.761394e-03   7.336488e-04  -1.634051e-03   3.583431e-04 
  1.501092e-02  -1.517960e-04  -7.482075e-04   5.175282e-04 
  1.032415e-03  -7.783357e-04   5.638467e-04   6.354066e-04 
 -1.584217e-02  -2.039180e-04   1.388424e-03   5.384915e-04 
 -7.751835e-03   6.589090e-04   1.951451e-03   2.583853e-04 
  1.179573e-02   5.572309e-04   2.494250e-03  -1.069778e-04 
  1.277699e-02  -4.656746e-04   1.815817e-03  -4.983974e-04 
 -5.774448e-03  -7.032702e-04   3.028668e-04  -7.807973e-04 
 -1.636884e-02   1.046051e-04  -6.919645e-04  -7.890550e-04 
 -1.114752e-03   7.558438e-04  -1.783643e-03  -5.436924e-04 
  1.446385e-02   2.495622e-04  -2.911384e-03  -9.556169e-05 
  8.066189e-03  -6.828312e-04  -2.313271e-03   3.887787e-04 
 -1.173459e-02  -5.046130e-04  -1.045816e-03   7.269082e-04 
 -1.357883e-02   4.067808e-04  -1.579506e-04   8.286645e-04 
  5.870561e-03   7.273141e-04   1.222294e-03   6.548681e-04 
  1.500090e-02  -1.261921e-04   2.522676e-03   2.664140e-04 
  1.667707e-03  -7.773796e-04   2.262738e-03  -1.238597e-04 
 -1.567375e-02  -2.298253e-04   1.617068e-03  -4.517671e-04 
 -8.410167e-03   6.481602e-04   9.901611e-04  -6.400936e-04 
  1.150012e-02   5.821928e-04  -1.962942e-04  -5.964515e-04 
  1.346500e-02  -4.561079e-04  -1.436621e-03  -4.345053e-04 
 -4.915049e-03  -7.381504e-04  -1.838893e-03  -2.412405e-04 
 -1.663008e-02   6.492760e-05  -1.866304e-03   4.426938e-05 
 -2.092816e-03   7.708959e-04  -1.730788e-03   3.141189e-04 
  1.453230e-02   3.210746e-04  -1.122536e-03   4.741292e-04 
  9.362530e-03  -6.697931e-04   1.839346e-04   6.025937e-04 
 -1.073666e-02  -5.640464e-04   1.205896e-03   5.898490e-04 
 -1.439230e-02   3.518844e-04   1.734713e-03   3.643160e-04 
  4.566610e-03   7.559181e-04   2.309372e-03   2.669046e-05 
  1.506327e-02  -3.026982e-05   2.264944e-03  -3.512979e-04 
  3.051676e-03  -7.601398e-04   8.265207e-04  -6.978278e-04 
 -1.501537e-02  -2.901006e-04  -4.170522e-04  -8.081874e-04 
 -9.509761e-03   5.951044e-04  -1.305418e-03  -6.526838e-04 
  1.034330e-02   6.068593e-04  -2.532251e-03  -2.771237e-04 
  1.352483e-02  -3.849781e-04  -2.733262e-03   2.080466e-04 
 -3.944919e-03  -7.303811e-04  -1.466026e-03   6.198836e-04 
 -1.652272e-02   2.246562e-05  -4.422948e-04   8.127076e-04 
 -2.993899e-03   7.400329e-04   6.659014e-04   7.441745e-04 
  1.396761e-02   3.356041e-04   2.174388e-03   4.086868e-04 
  9.719175e-03  -6.459345e-04   2.484089e-03   2.968866e-07 
 -1.016566e-02  -5.767245e-04   1.796944e-03  -3.583207e-04 
 -1.468214e-02   3.286679e-04   1.202923e-03  -6.060397e-04 
  4.003293e-03   7.599214e-04   2.083279e-04  -6.467767e-04 
  1.521012e-02  -1.107370e-05  -1.166260e-03  -4.801238e-04 
  3.892664e-03  -7.727784e-04  -1.810374e-03  -2.870351e-04 
 -1.468601e-02  -3.279878e-04  -1.864534e-03  -2.168865e-05 
 -1.024640e-02   5.851100e-04  -1.759422e-03   2.637399e-04 
  1.000018e-02   6.546216e-04  -1.302424e-03   4.460626e-04 
  1.422879e-02  -3.476225e-04  -1.727703e-04   5.481704e-04 
 -2.767106e-03  -7.638005e-04   9.850923e-04   5.922336e-04 
 -1.663052e-02  -3.575042e-05   1.612924e-03   4.242712e-04 
 -4.253266e-03   7.383845e-04   2.098517e-03   1.151245e-04 
  1.370528e-02   4.163805e-04   2.385159e-03  -2.368571e-04 
  1.069323e-02  -6.006496e-04   1.322126e-03  -5.943646e-04 
 -9.108360e-03  -6.186004e-04  -1.370926e-04  -8.019721e-04 
 -1.533257e-02   2.656696e-04  -1.024954e-03  -7.315310e-04 
  2.582278e-03   7.600915e-04  -2.139696e-03  -4.267102e-04 
  1.498163e-02   6.320360e-05  -2.982417e-03   4.605536e-05 
  4.788958e-03  -7.426002e-04  -1.979471e-03   5.186046e-04 
 -1.413635e-02  -3.640605e-04  -7.013716e-04   8.020385e-04 
 -1.103588e-02   5.406115e-04   2.311960e-04   8.275887e-04 
  9.030412e-03   6.560358e-04   1.709277e-03   5.726690e-04 
  1.430671e-02  -3.115670e-04   2.709973e-03   1.447843e-04 
 -2.048160e-03  -7.634855e-04   2.127351e-03  -2.588653e-04 
 -1.655868e-02  -6.441885e-05   1.406366e-03  -5.646326e-04 
 -4.955171e-03   7.261786e-04   6.151596e-04  -6.897600e-04 
  1.342878e-02   4.377788e-04  -7.344785e-04  -5.650366e-04 
  1.140944e-02  -5.946333e-04  -1.771536e-03  -3.545071e-04 
 -8.351510e-03  -6.519661e-04  -1.913964e-03  -1.104874e-04 
 -1.570202e-02   2.337123e-04  -1.805160e-03   1.849685e-04 
  1.767254e-03   7.806934e-04  -1.472058e-03   4.122286e-04 
  1.516614e-02   1.235225e-04  -5.929555e-04   5.086788e-04 
  6.093368e-03  -7.439758e-04   6.637789e-04   5.752240e-04 
 -1.338237e-02  -4.231728e-04   1.458677e-03   4.809941e-04 
 -1.195508e-02   5.010025e-04   1.871731e-03   2.137400e-04 
  8.064459e-03   6.998832e-04   2.259179e-03  -1.153940e-04 
  1.459175e-02  -2.293334e-04   1.790401e-03  -4.528856e-04 
 -6.917270e-04  -7.652152e-04   2.972851e-04  -7.309881e-04 
 -1.624460e-02  -1.269314e-04  -7.789535e-04  -7.531354e-04 
 -6.170715e-03   6.897150e-04  -1.668806e-03  -5.290722e-04 
  1.261079e-02   4.825920e-04  -2.740216e-03  -1.187929e-04 
  1.173633e-02  -5.324363e-04  -2.419190e-03   3.579583e-04 
 -7.442416e-03  -6.596593e-04  -1.033171e-03   7.208075e-04 
 -1.591484e-02   1.871059e-04  -5.839097e-05   8.372550e-04 
  7.554195e-04   7.596219e-04   1.180877e-03   6.829580e-04 
  1.480786e-02   1.501850e-04   2.586033e-03   2.832161e-04 
  6.571801e-03  -7.243253e-04   2.423627e-03  -1.524168e-04 
 -1.296335e-02  -4.412340e-04   1.572923e-03  -5.027904e-04 
 -1.243960e-02   4.793360e-04   8.909505e-04  -6.968463e-04 
  7.544920e-03   7.078557e-04  -3.144137e-04  -6.493245e-04 
  1.490935e-02  -2.155794e-04  -1.667371e-03  -4.171348e-04 
  8.483135e-05  -7.847541e-04  -1.985040e-03  -1.709117e-04 
 -1.619691e-02  -1.618338e-04  -1.854047e-03   1.250395e-04 
 -6.986807e-03   6.914149e-04  -1.599612e-03   3.875239e-04 
  1.249806e-02   5.362483e-04  -8.923074e-04   5.040602e-04 
  1.272346e-02  -5.134328e-04   3.602079e-04   5.524252e-04 
 -6.379646e-03  -7.074376e-04   1.314920e-03   5.221284e-04 
 -1.637559e-02   1.326549e-04   1.766975e-03   2.986183e-04 
 -5.308609e-04   7.763487e-04   2.142384e-03  -1.949800e-05 
  1.479954e-02   2.424797e-04   2.124554e-03  -3.429180e-04 
  7.891087e-03  -6.970177e-04   8.075455e-04  -6.557487e-04 
 -1.200200e-02  -4.993867e-04  -5.212673e-04  -7.801946e-04 
 -1.338225e-02   4.172877e-04  -1.321839e-03  -6.378706e-04 
  6.132936e-03   7.250597e-04  -2.391469e-03  -2.904109e-04 
  1.483173e-02  -1.293527e-04  -2.836587e-03   1.828433e-04 
  1.199876e-03  -7.636605e-04  -1.559421e-03   6.202320e-04 
 -1.574927e-02  -2.083978e-04  -3.447265e-04   8.344176e-04 
 -7.933230e-03   6.460731e-04   6.529469e-04   7.808196e-04 
  1.155876e-02   5.462819e-04   2.143131e-03   4.558433e-04 
  1.285916e-02  -4.708600e-04   2.716709e-03   5.647147e-06 
 -5.639857e-03  -7.080197e-04   1.886971e-03  -3.933266e-04 
 -1.640578e-02   1.027156e-04   1.129415e-03  -6.573659e-04 
 -1.225219e-03   7.633725e-04   1.584994e-04  -7.063598e-04 
  1.458383e-02   2.589606e-04  -1.287534e-03  -5.042545e-04 
  8.560728e-03  -6.942229e-04  -2.005420e-03  -2.462320e-04 
 -1.142348e-02  -5.287958e-04  -1.906733e-03   3.838723e-05 
 -1.384202e-02   3.959231e-04  -1.677469e-03   3.249574e-04 
  5.566640e-03   7.510237e-04  -1.117363e-03   4.920772e-04 
  1.518965e-02  -8.745799e-05  -6.812902e-06   5.223465e-04 
  2.379054e-03  -7.803682e-04   1.088571e-03   5.210863e-04 
 -1.537578e-02  -2.628450e-04   1.658172e-03   3.537743e-04 
 -8.939888e-03   6.278559e-04   1.966000e-03   5.967442e-05 
  1.102723e-02   6.070742e-04   2.121036e-03  -2.460718e-04 
  1.350139e-02  -4.112280e-04   1.259054e-03  -5.401273e-04 
 -4.401308e-03  -7.334031e-04  -1.952299e-04  -7.440686e-04 
 -1.656927e-02   3.953924e-05  -1.110062e-03  -6.832518e-04 
 -2.576773e-03   7.495363e-04  -2.000005e-03  -4.012259e-04 
  1.414116e-02   3.273846e-04  -2.850185e-03   3.181633e-05 
  9.270640e-03  -6.464160e-04  -2.049695e-03   4.961650e-04 
 -1.060378e-02  -5.563877e-04  -6.213077e-04   8.011193e-04 
 -1.442890e-02   3.443281e-04   3.208383e-04   8.388518e-04 
  4.419008e-03   7.426990e-04   1.668903e-03   6.033073e-04 
  1.501718e-02  -4.472397e-05   2.857339e-03   1.536148e-04 
  3.039937e-03  -7.651899e-04   2.274556e-03  -2.971519e-04 
 -1.507844e-02  -2.887618e-04   1.329602e-03  -6.236363e-04 
 -9.594643e-03   6.043341e-04   5.349615e-04  -7.541478e-04 
  1.049295e-02   6.172148e-04  -8.455106e-04  -6.189016e-04 
  1.392408e-02  -3.975536e-04  -2.035081e-03  -3.342262e-04 
 -3.655963e-03  -7.547796e-04  -2.049408e-03  -4.494138e-05 
 -1.668928e-02   7.467211e-06  -1.777348e-03   2.617620e-04 
 -3.383331e-03   7.564188e-04  -1.346998e-03   4.837459e-04 
  1.414084e-02   3.781529e-04  -4.018954e-04   5.300583e-04 
  1.038996e-02  -6.401764e-04   8.310225e-04   5.245097e-04 
 -9.672175e-03  -6.087225e-04   1.554038e-03   4.203120e-04 
 -1.506921e-02   2.982232e-04   1.853961e-03   1.573438e-04 
  3.288996e-03   7.720281e-04   2.068934e-03  -1.490706e-04 
  1.516748e-02   4.380508e-05   1.700986e-03  -4.290355e-04 
  4.486125e-03  -7.544043e-04   2.775570e-04  -6.817072e-04 
 -1.431824e-02  -3.529545e-04  -8.677141e-04  -7.173537e-04 
 -1.068578e-02   5.526675e-04  -1.603913e-03  -5.103725e-04 
  9.319987e-03   6.517944e-04  -2.547258e-03  -1.364106e-04 
  1.403217e-02  -3.141411e-04  -2.511766e-03   3.190913e-04 
 -2.496017e-03  -7.470358e-04  -1.079206e-03   7.028191e-04 
 -1.647800e-02  -4.464587e-05   3.595082e-05   8.373429e-04 
 -4.444529e-03   7.186596e-04   1.112926e-03   7.027566e-04 
  1.339099e-02   4.013179e-04   2.529405e-03   3.169095e-04 
  1.065105e-02  -5.987857e-04   2.601999e-03  -1.489573e-04 
 -9.002979e-03  -6.151666e-04   1.585294e-03  -5.297276e-04 
 -1.529512e-02   2.675100e-04   7.990275e-04  -7.366058e-04 
  2.591110e-03   7.624404e-04  -3.607066e-04  -6.991005e-04 
  1.509364e-02   5.872017e-05  -1.817115e-03  -4.237117e-04 
  5.122443e-03  -7.565016e-04  -2.152448e-03  -1.185021e-04 
 -1.397762e-02  -3.802897e-04  -1.844458e-03   1.932376e-04 
 -1.126743e-02   5.414001e-04  -1.489487e-03   4.539993e-04 
  8.978907e-03   6.836914e-04  -6.890885e-04   5.480920e-04 
  1.463135e-02  -2.901650e-04   5.622273e-04   5.154209e-04 
 -1.454817e-03  -7.784603e-04   1.431635e-03   4.459082e-04 
 -1.651028e-02  -9.453753e-05   1.797124e-03   2.201953e-04 
 -5.535703e-03   7.209692e-04   1.988809e-03  -8.288791e-05 
  1.322516e-02   4.769257e-04   1.882531e-03  -3.525329e-04 
  1.169653e-02  -5.615662e-04   7.232375e-04  -6.023624e-04 
 -7.869377e-03  -6.624597e-04  -6.176146e-04  -7.277656e-04 
 -1.589390e-02   2.039427e-04  -1.386171e-03  -5.938092e-04 
  1.137698e-03   7.698456e-04  -2.244288e-03  -2.703805e-04 
  1.492043e-02   1.471839e-04  -2.793668e-03   1.675342e-04 
  6.207441e-03  -7.225066e-04  -1.623568e-03   6.053717e-04 
 -1.323448e-02  -4.256022e-04  -2.385066e-04   8.407897e-04 
 -1.214898e-02   4.860268e-04   6.927597e-04   8.002495e-04 
  7.757143e-03   6.878419e-04   2.085583e-03   4.948529e-04 
  1.457072e-02  -2.333046e-04   2.922264e-03   1.803192e-05 
 -6.331218e-04  -7.662845e-04   2.017949e-03  -4.264434e-04 
 -1.629496e-02  -1.273702e-04   1.048350e-03  -7.108840e-04 
 -6.289541e-03   6.943124e-04   1.201869e-04  -7.688090e-04 
  1.268132e-02   4.872483e-04  -1.368718e-03  -5.521496e-04 
  1.213508e-02  -5.456885e-04  -2.255557e-03  -2.264981e-04 
 -7.177868e-03  -6.814876e-04  -2.004565e-03   9.350236e-05 
 -1.610282e-02   1.764739e-04  -1.625807e-03   3.901715e-04 
  4.430452e-04   7.783790e-04  -9.942827e-04   5.539637e-04 
  1.500185e-02   1.868572e-04   1.575485e-04   5.280913e-04 
  7.290496e-03  -7.266117e-04   1.236383e-03   4.643636e-04 
 -1.253315e-02  -4.748865e-04   1.718363e-03   2.909040e-04 
 -1.287871e-02   4.548535e-04   1.886867e-03   4.519394e-06 
  6.960667e-03   7.286103e-04   1.891603e-03  -2.716627e-04 
  1.493060e-02  -1.626280e-04   1.165118e-03  -4.991845e-04 
  7.401095e-04  -7.747764e-04  -2.379576e-04  -6.808903e-04 
 -1.591289e-02  -1.907733e-04  -1.183945e-03  -6.297453e-04 
 -7.482941e-03   6.629527e-04  -1.871977e-03  -3.676876e-04 
  1.191687e-02   5.426107e-04  -2.623385e-03   1.944292e-05 
  1.256861e-02  -4.772531e-04  -2.093954e-03   4.512200e-04 
 -6.091825e-03  -6.940897e-04  -5.955377e-04   7.720794e-04 
 -1.628755e-02   1.204758e-04   4.198816e-04   8.237501e-04 
 -7.575364e-04   7.559413e-04   1.579140e-03   6.106758e-04 
  1.452715e-02   2.289155e-04   2.839369e-03   1.727494e-04 
  7.785269e-03  -6.921558e-04   2.411484e-03  -3.052540e-04 
 -1.197862e-02  -4.926735e-04   1.269941e-03  -6.561426e-04 
 -1.336762e-02   4.217423e-04   4.394600e-04  -7.961676e-04 
  6.211804e-03   7.250364e-04  -8.989419e-04  -6.684221e-04 
  1.501449e-02  -1.439381e-04  -2.249033e-03  -3.295334e-04 
  1.395761e-03  -7.809899e-04  -2.205444e-03   1.573589e-05 
 -1.578064e-02  -2.184638e-04  -1.738106e-03   3.377365e-04 
 -8.168392e-03   6.573783e-04  -1.235707e-03   5.576467e-04 
  1.170459e-02   5.769837e-04  -2.059009e-04   5.727366e-04 
  1.336744e-02  -4.656948e-04   1.055297e-03   4.839658e-04 
 -5.153129e-03  -7.342996e-04   1.674103e-03   3.492004e-04 
 -1.660391e-02   7.539264e-05   1.863944e-03   8.301067e-05 
 -1.847688e-03   7.722668e-04   1.909405e-03  -2.089733e-04 
  1.457873e-02   3.097511e-04   1.517223e-03  -4.311017e-04 
  9.111377e-03  -6.730269e-04   1.970700e-04  -6.301448e-04 
 -1.095847e-02  -5.528230e-04  -9.679902e-04  -6.715966e-04 
 -1.423217e-02   3.624762e-04  -1.609992e-03  -4.753250e-04 
  4.826662e-03   7.495917e-04  -2.373783e-03  -1.296747e-04 
  1.500966e-02  -4.820157e-05  -2.532652e-03   2.912673e-04 
  2.698797e-03  -7.601077e-04  -1.134843e-03   6.811617e-04 
 -1.516985e-02  -2.743542e-04   1.354385e-04   8.355721e-04 
 -9.223681e-03   6.047853e-04   1.077401e-03   7.178797e-04 
  1.057712e-02   5.947170e-04   2.426401e-03   3.560758e-04 
  1.341553e-02  -4.032499e-04   2.795165e-03  -1.282519e-04 
 -4.273534e-03  -7.273659e-04   1.666738e-03  -5.463973e-04 
 -1.652546e-02   3.809077e-05   7.140315e-04  -7.717880e-04 
 -2.660632e-03   7.461822e-04  -3.609287e-04  -7.482520e-04 
  1.411504e-02   3.220886e-04  -1.878038e-03  -4.565697e-04 
  9.549598e-03  -6.572157e-04  -2.358787e-03  -9.418871e-05 
 -1.039207e-02  -5.702071e-04  -1.878550e-03   2.439936e-04 
 -1.455459e-02   3.408949e-04  -1.406590e-03   5.116828e-04 
  4.282231e-03   7.608397e-04  -5.545241e-04   6.015386e-04 
  1.523413e-02  -2.224463e-05   7.418608e-04   5.039159e-04 
  3.666165e-03  -7.749467e-04   1.568967e-03   3.786765e-04 
 -1.480134e-02  -3.184529e-04   1.822286e-03   1.469456e-04 
 -1.004322e-02   5.918259e-04   1.864939e-03  -1.460717e-04 
  1.016258e-02   6.478193e-04   1.626723e-03  -3.769095e-04 
  1.409785e-02  -3.561295e-04   5.962225e-04  -5.510812e-04 
 -3.041039e-03  -7.576681e-04  -6.968919e-04  -6.578305e-04 
 -1.662182e-02  -2.322484e-05  -1.453417e-03  -5.294603e-04 
 -3.968926e-03   7.390107e-04  -2.089736e-03  -2.267392e-04 
  1.376022e-02   3.996466e-04  -2.597234e-03   1.604560e-04 
  1.041202e-02  -6.079141e-04  -1.636712e-03   5.654008e-04 
 -9.395968e-03  -6.058863e-04  -1.530069e-04   8.163585e-04 
 -1.516765e-02   2.806986e-04   7.775762e-04   7.877085e-04 
  2.935334e-03   7.559198e-04   1.993129e-03   5.057132e-04 
  1.498752e-02   4.047079e-05   2.994972e-03   3.192657e-05 
  4.445080e-03  -7.480833e-04   2.142348e-03  -4.446908e-04 
 -1.433884e-02  -3.491845e-04   9.546747e-04  -7.516229e-04 
 -1.076315e-02   5.544525e-04   5.568289e-05  -8.188156e-04 
  9.343653e-03   6.497701e-04  -1.413524e-03  -6.054512e-04 
  1.427318e-02  -3.300565e-04  -2.514847e-03  -2.202896e-04 
 -2.341544e-03  -7.644718e-04  -2.146222e-03   1.501232e-04 
 -1.660918e-02  -5.163812e-05  -1.575075e-03   4.626145e-04 
 -4.681035e-03   7.339944e-04  -9.013025e-04   6.270988e-04 
  1.359585e-02   4.301764e-04   3.226654e-04   5.631827e-04 
  1.127476e-02  -6.034110e-04   1.450707e-03   4.229754e-04 
 -8.571637e-03  -6.466017e-04   1.815708e-03   2.279258e-04 
